380	0.20721	0.06886	0.06213	0.07515	0.30031	0.13896	0.37006	0.09649
381	0.21355	0.06975	0.06322	0.07659	0.30088	0.15093	0.38978	0.10402
382	0.21918	0.07089	0.06417	0.07799	0.30147	0.16247	0.4085	0.1102
383	0.22417	0.07226	0.06498	0.07939	0.30209	0.17382	0.42612	0.11563
384	0.22855	0.07385	0.06569	0.08083	0.30271	0.18517	0.44258	0.12078
385	0.23239	0.07562	0.06631	0.08233	0.30333	0.19667	0.45781	0.12609
386	0.23571	0.07755	0.06686	0.08391	0.30394	0.20845	0.47177	0.13188
387	0.23856	0.07961	0.06737	0.08557	0.30453	0.22058	0.48447	0.13844
388	0.241	0.08178	0.06783	0.08733	0.3051	0.23311	0.49589	0.14596
389	0.24304	0.08403	0.06827	0.08917	0.30564	0.24606	0.50607	0.1546
390	0.24474	0.08633	0.06868	0.0911	0.30616	0.25942	0.51503	0.16443
391	0.24613	0.08865	0.06907	0.0931	0.30667	0.27318	0.52283	0.17551
392	0.24724	0.09098	0.06945	0.09516	0.30715	0.28726	0.52954	0.18782
393	0.2481	0.09329	0.06982	0.09726	0.30762	0.30162	0.53521	0.20132
394	0.24874	0.09555	0.07018	0.09939	0.30807	0.31615	0.53992	0.21591
395	0.24919	0.09774	0.07053	0.10152	0.30852	0.33077	0.54377	0.23149
396	0.24948	0.09984	0.07086	0.10363	0.30896	0.34537	0.54685	0.2479
397	0.24963	0.10184	0.07118	0.1057	0.30941	0.35984	0.54924	0.26498
398	0.24966	0.10372	0.07148	0.10771	0.30987	0.37406	0.55105	0.28254
399	0.24959	0.10546	0.07175	0.10963	0.31034	0.38791	0.55237	0.30037
400	0.24944	0.10702	0.07199	0.1114	0.31085	0.40118	0.55336	0.31823
401	0.24924	0.10841	0.0722	0.11303	0.31138	0.41378	0.55409	0.3359
402	0.24899	0.10962	0.07236	0.11451	0.31195	0.42564	0.55463	0.35315
403	0.24871	0.11066	0.0725	0.11582	0.31256	0.43667	0.55505	0.36977
404	0.2484	0.11155	0.0726	0.11697	0.3132	0.44682	0.55541	0.38558
405	0.24807	0.11229	0.07267	0.11797	0.31388	0.45606	0.55574	0.40044
406	0.24771	0.1129	0.07271	0.11882	0.31458	0.46436	0.55606	0.4142
407	0.24731	0.11341	0.07273	0.11955	0.31531	0.47173	0.55639	0.42674
408	0.24688	0.11382	0.07272	0.12016	0.31605	0.4782	0.55672	0.43801
409	0.24641	0.11416	0.07271	0.12067	0.3168	0.48383	0.55706	0.448
410	0.2459	0.11445	0.07267	0.12112	0.31756	0.48867	0.55739	0.4567
411	0.24535	0.11471	0.07264	0.12151	0.31831	0.49282	0.55768	0.46414
412	0.24476	0.11496	0.0726	0.12189	0.31905	0.49635	0.55793	0.47038
413	0.24413	0.11522	0.07256	0.12226	0.31978	0.49935	0.55812	0.47551
414	0.24346	0.11548	0.07252	0.12266	0.32049	0.50193	0.55824	0.47961
415	0.24273	0.11577	0.0725	0.12309	0.32117	0.50416	0.55829	0.4828
416	0.24194	0.11608	0.07248	0.12356	0.32183	0.50613	0.55826	0.48517
417	0.24111	0.11643	0.07247	0.12408	0.32247	0.50792	0.55816	0.48685
418	0.24025	0.1168	0.07247	0.12466	0.32307	0.50959	0.55799	0.48793
419	0.23936	0.1172	0.07247	0.12529	0.32365	0.51117	0.55776	0.48851
420	0.23845	0.11761	0.07248	0.12597	0.3242	0.51272	0.55747	0.48866
421	0.23755	0.11804	0.07249	0.12669	0.32472	0.51425	0.55714	0.48849
422	0.23665	0.11847	0.0725	0.12744	0.32523	0.51578	0.55678	0.48806
423	0.23577	0.11889	0.07251	0.12822	0.32574	0.51732	0.55642	0.48743
424	0.23491	0.11929	0.07252	0.129	0.32626	0.51886	0.55604	0.48665
425	0.23409	0.11966	0.07252	0.12978	0.3268	0.52041	0.55564	0.48576
426	0.23331	0.12	0.07253	0.13055	0.32738	0.52195	0.55523	0.48478
427	0.23256	0.1203	0.07254	0.13131	0.32801	0.5235	0.55481	0.48374
428	0.23186	0.12056	0.07255	0.13207	0.3287	0.52503	0.55436	0.48261
429	0.2312	0.12077	0.07257	0.13282	0.32946	0.52654	0.55388	0.4814
430	0.23058	0.12095	0.07258	0.13358	0.3303	0.52803	0.55338	0.48007
431	0.23	0.12109	0.07259	0.13435	0.33121	0.52948	0.55283	0.47862
432	0.22946	0.12121	0.0726	0.13512	0.33219	0.53089	0.55222	0.47703
433	0.22895	0.12131	0.07259	0.13592	0.33324	0.53223	0.55153	0.4753
434	0.22846	0.1214	0.07257	0.13675	0.33435	0.53352	0.55075	0.47344
435	0.228	0.12147	0.07255	0.13761	0.33551	0.53479	0.54987	0.47148
436	0.22756	0.12154	0.07251	0.13852	0.33672	0.53602	0.54887	0.46944
437	0.22711	0.1216	0.07246	0.13948	0.33797	0.53723	0.54774	0.46734
438	0.22667	0.12165	0.07241	0.14049	0.33925	0.53844	0.54649	0.46518
439	0.22622	0.1217	0.07236	0.14157	0.34057	0.53964	0.54511	0.46298
440	0.22576	0.12173	0.07232	0.14272	0.34191	0.54085	0.54358	0.46074
441	0.2253	0.12177	0.07231	0.14393	0.34328	0.54206	0.54193	0.45848
442	0.22484	0.12181	0.07231	0.14521	0.34467	0.54327	0.54017	0.45622
443	0.22437	0.12185	0.07234	0.14654	0.34609	0.54447	0.5383	0.45395
444	0.2239	0.12191	0.07239	0.14795	0.34752	0.54565	0.53633	0.45168
445	0.22343	0.12196	0.07247	0.14941	0.34898	0.54677	0.53426	0.44939
446	0.22294	0.12204	0.07257	0.15092	0.35047	0.54785	0.53207	0.4471
447	0.22244	0.12213	0.07269	0.1525	0.35199	0.54885	0.52978	0.44481
448	0.22192	0.12225	0.07282	0.15413	0.35356	0.54977	0.52737	0.44251
449	0.22141	0.12241	0.07298	0.15582	0.35518	0.55057	0.52484	0.4402
450	0.2209	0.12262	0.07317	0.15759	0.35687	0.55124	0.5222	0.43789
451	0.22041	0.12288	0.07337	0.15943	0.35863	0.55177	0.51944	0.43555
452	0.21993	0.12318	0.0736	0.16137	0.36047	0.55216	0.51657	0.43319
453	0.21948	0.12353	0.07383	0.1634	0.3624	0.5524	0.51359	0.4308
454	0.21906	0.12394	0.07407	0.16556	0.36443	0.5525	0.51049	0.42837
455	0.21866	0.1244	0.0743	0.16785	0.36656	0.55246	0.50728	0.42588
456	0.21828	0.12492	0.07453	0.1703	0.36879	0.55227	0.50396	0.42334
457	0.21792	0.12549	0.07476	0.17291	0.37109	0.55194	0.50053	0.42072
458	0.21757	0.12611	0.07499	0.1757	0.37347	0.55147	0.49701	0.41804
459	0.21723	0.12678	0.07522	0.17868	0.37589	0.55086	0.49338	0.41529
460	0.2169	0.12749	0.07545	0.18187	0.37835	0.5501	0.48967	0.41247
461	0.21657	0.12824	0.07571	0.18526	0.38082	0.54921	0.48588	0.40956
462	0.21622	0.12903	0.07599	0.18887	0.38327	0.54819	0.48202	0.40659
463	0.21586	0.12984	0.07631	0.19267	0.38569	0.54707	0.47809	0.40354
464	0.21547	0.13068	0.07671	0.19665	0.38806	0.54586	0.4741	0.40044
465	0.21506	0.13152	0.07719	0.20082	0.39035	0.54457	0.47006	0.39729
466	0.21463	0.13237	0.0778	0.20515	0.39256	0.54321	0.46598	0.3941
467	0.21416	0.13321	0.07854	0.20964	0.39467	0.54178	0.46187	0.39088
468	0.21366	0.13406	0.07944	0.21427	0.39669	0.54029	0.45775	0.38765
469	0.21313	0.13491	0.0805	0.21903	0.3986	0.53874	0.45362	0.38443
470	0.21258	0.13577	0.08175	0.2239	0.40039	0.53712	0.44949	0.38123
471	0.21201	0.13665	0.08318	0.22887	0.40208	0.53543	0.44536	0.37806
472	0.21143	0.13755	0.08479	0.23393	0.40364	0.53368	0.44122	0.37494
473	0.21088	0.13848	0.08659	0.23906	0.4051	0.53187	0.43709	0.37188
474	0.21036	0.13946	0.08857	0.24428	0.40644	0.52999	0.43296	0.36887
475	0.20989	0.14049	0.09074	0.24957	0.40769	0.52803	0.42883	0.36593
476	0.20947	0.14159	0.0931	0.25493	0.40884	0.52601	0.42469	0.36303
477	0.20913	0.14276	0.09566	0.26034	0.4099	0.5239	0.42051	0.36019
478	0.20887	0.14402	0.09841	0.26579	0.41088	0.5217	0.41628	0.35739
479	0.20871	0.14538	0.10136	0.27127	0.41178	0.51941	0.41204	0.35463
480	0.20864	0.14685	0.10451	0.27677	0.41261	0.517	0.40777	0.3519
481	0.20867	0.14842	0.10784	0.28227	0.41336	0.51448	0.40349	0.34919
482	0.20879	0.15011	0.11136	0.28776	0.41402	0.51183	0.39918	0.3465
483	0.20902	0.15192	0.11504	0.29324	0.41461	0.50905	0.39483	0.34382
484	0.20932	0.15386	0.11888	0.29868	0.4151	0.50612	0.39043	0.34112
485	0.2097	0.15594	0.12287	0.30406	0.41552	0.50304	0.38601	0.33842
486	0.21013	0.15815	0.127	0.30937	0.41585	0.49981	0.38156	0.33569
487	0.2106	0.16051	0.13128	0.31458	0.4161	0.49642	0.37711	0.33294
488	0.2111	0.16302	0.1357	0.31967	0.41625	0.4929	0.37265	0.33016
489	0.21162	0.16567	0.14027	0.32462	0.41632	0.48924	0.36821	0.32734
490	0.21215	0.16846	0.14495	0.32942	0.41629	0.48548	0.36379	0.32449
491	0.21267	0.1714	0.14974	0.33405	0.41617	0.48164	0.35939	0.3216
492	0.21318	0.17449	0.15462	0.33849	0.41596	0.47774	0.35502	0.31869
493	0.21369	0.17771	0.15958	0.34274	0.41566	0.4738	0.35071	0.31578
494	0.21419	0.18106	0.16459	0.34678	0.41529	0.46985	0.34648	0.31288
495	0.21471	0.18454	0.16966	0.35063	0.41485	0.46589	0.34234	0.31002
496	0.21525	0.18812	0.17475	0.35427	0.41433	0.46195	0.33833	0.30722
497	0.21581	0.19179	0.17983	0.35772	0.41375	0.45802	0.33445	0.30449
498	0.2164	0.19554	0.1849	0.36097	0.4131	0.45412	0.33071	0.30186
499	0.21702	0.19935	0.18991	0.36403	0.41239	0.45027	0.32715	0.29932
500	0.21765	0.2032	0.19486	0.36692	0.41162	0.44647	0.32375	0.29689
501	0.21829	0.20706	0.19974	0.36963	0.41078	0.44274	0.32054	0.29459
502	0.21894	0.21089	0.20451	0.37218	0.40988	0.43907	0.31752	0.29242
503	0.21958	0.21468	0.20919	0.37456	0.40893	0.43545	0.31468	0.29038
504	0.22021	0.2184	0.21377	0.37679	0.40793	0.43187	0.31203	0.28849
505	0.22081	0.22201	0.21823	0.37887	0.40687	0.42831	0.30956	0.28673
506	0.22137	0.2255	0.22258	0.38079	0.40577	0.42476	0.30725	0.28512
507	0.22189	0.22885	0.22682	0.38257	0.40462	0.4212	0.30509	0.28363
508	0.22233	0.23203	0.23093	0.3842	0.40342	0.41762	0.30306	0.28225
509	0.22268	0.23504	0.23491	0.38569	0.40217	0.41402	0.30114	0.28097
510	0.22292	0.23786	0.23876	0.38703	0.40087	0.41037	0.29932	0.27976
511	0.22306	0.24048	0.2425	0.38824	0.39953	0.40669	0.29757	0.2786
512	0.22308	0.2429	0.24616	0.38933	0.39814	0.40298	0.29587	0.27747
513	0.22299	0.24513	0.24974	0.3903	0.39671	0.39923	0.2942	0.27636
514	0.22279	0.24717	0.25329	0.39115	0.39525	0.39547	0.29252	0.27525
515	0.22249	0.24904	0.25685	0.39187	0.39376	0.39171	0.29082	0.27412
516	0.22211	0.25074	0.26045	0.39245	0.39224	0.38797	0.28908	0.27296
517	0.22169	0.25229	0.26416	0.39289	0.39069	0.38424	0.28732	0.27178
518	0.22126	0.25369	0.26801	0.39318	0.38913	0.38055	0.28553	0.27056
519	0.22084	0.25497	0.27205	0.39333	0.38754	0.37688	0.28369	0.26931
520	0.22045	0.25612	0.27631	0.39332	0.38594	0.37324	0.28182	0.26803
521	0.22013	0.25716	0.28082	0.39316	0.38433	0.36962	0.27991	0.26672
522	0.21989	0.25811	0.28559	0.39286	0.3827	0.36603	0.27797	0.2654
523	0.21973	0.25898	0.29065	0.3924	0.38107	0.36246	0.27602	0.26406
524	0.21968	0.25977	0.29599	0.39179	0.37944	0.35891	0.27408	0.26272
525	0.21974	0.2605	0.30162	0.39104	0.37781	0.35537	0.27217	0.26139
526	0.21991	0.26117	0.30753	0.39012	0.37619	0.35186	0.27032	0.26007
527	0.22019	0.2618	0.31368	0.38906	0.37458	0.34837	0.26853	0.25878
528	0.22058	0.2624	0.32004	0.38785	0.37296	0.3449	0.26682	0.25753
529	0.22107	0.26297	0.32654	0.3865	0.37135	0.34145	0.26519	0.25632
530	0.22165	0.26352	0.33313	0.385	0.36973	0.33802	0.26365	0.25516
531	0.2223	0.26407	0.33973	0.38338	0.36811	0.33459	0.26221	0.25406
532	0.22301	0.26461	0.34626	0.38163	0.36648	0.33116	0.26088	0.25304
533	0.2238	0.26516	0.35263	0.37977	0.36482	0.32774	0.25967	0.25211
534	0.22466	0.26572	0.35876	0.3778	0.36314	0.32432	0.25856	0.25126
535	0.22559	0.2663	0.36457	0.37573	0.36141	0.32091	0.25757	0.2505
536	0.22662	0.2669	0.37	0.37359	0.35964	0.31752	0.2567	0.24984
537	0.22775	0.26754	0.37501	0.37138	0.35783	0.31418	0.25595	0.24928
538	0.22897	0.26821	0.37955	0.36911	0.35596	0.31089	0.25532	0.24882
539	0.23028	0.26892	0.38361	0.36679	0.35403	0.30768	0.25481	0.24846
540	0.23168	0.26967	0.38717	0.36442	0.35205	0.30454	0.25442	0.24822
541	0.23317	0.27047	0.39024	0.362	0.35	0.30147	0.25414	0.2481
542	0.23473	0.27132	0.39283	0.35955	0.34789	0.29848	0.25397	0.2481
543	0.23635	0.27221	0.39494	0.35707	0.34572	0.29556	0.25388	0.24822
544	0.238	0.27316	0.39661	0.35456	0.3435	0.2927	0.25389	0.24848
545	0.23967	0.27416	0.39784	0.35201	0.34124	0.28988	0.25396	0.24885
546	0.24135	0.2752	0.39868	0.34943	0.33895	0.28709	0.2541	0.24935
547	0.24303	0.27631	0.39913	0.34681	0.33663	0.28433	0.2543	0.24996
548	0.24469	0.27746	0.39923	0.34415	0.33428	0.28157	0.25453	0.25066
549	0.24635	0.27866	0.39901	0.34146	0.33192	0.2788	0.2548	0.25145
550	0.24801	0.27993	0.39847	0.33875	0.32955	0.27603	0.25508	0.25232
551	0.24967	0.28126	0.39763	0.33599	0.32717	0.27325	0.25537	0.25326
552	0.25133	0.28265	0.39651	0.33318	0.32479	0.27046	0.25564	0.25425
553	0.25299	0.28412	0.39513	0.33033	0.32242	0.26769	0.25589	0.25529
554	0.25467	0.28566	0.3935	0.32741	0.32006	0.26494	0.2561	0.25637
555	0.25636	0.28727	0.39165	0.32442	0.3177	0.26222	0.25627	0.25746
556	0.2581	0.28895	0.38958	0.32137	0.31534	0.25953	0.25639	0.25857
557	0.2599	0.29069	0.3873	0.31826	0.31299	0.25688	0.25645	0.25968
558	0.26179	0.29249	0.38484	0.31511	0.31062	0.25428	0.25645	0.26078
559	0.26378	0.29436	0.38219	0.31191	0.30826	0.25173	0.25639	0.26186
560	0.26588	0.29628	0.37937	0.30869	0.30589	0.24924	0.25626	0.26291
561	0.26811	0.29824	0.37639	0.30545	0.30353	0.24683	0.25607	0.26392
562	0.27047	0.30025	0.37328	0.30221	0.30117	0.24452	0.25584	0.26488
563	0.27297	0.30229	0.37008	0.29898	0.29881	0.2423	0.25557	0.26579
564	0.27562	0.30436	0.36681	0.29577	0.29645	0.2402	0.25527	0.26665
565	0.27841	0.30645	0.36349	0.29258	0.2941	0.23822	0.25494	0.26745
566	0.28136	0.30854	0.36013	0.28942	0.29175	0.23637	0.25459	0.26819
567	0.28447	0.31062	0.35677	0.28629	0.28941	0.23464	0.25422	0.26887
568	0.28775	0.31268	0.35341	0.28319	0.28707	0.23303	0.25384	0.26949
569	0.29117	0.31471	0.35006	0.28011	0.28473	0.23153	0.25345	0.27006
570	0.29476	0.3167	0.34672	0.27705	0.28238	0.23012	0.25306	0.27056
571	0.29848	0.31864	0.34338	0.274	0.28001	0.2288	0.25269	0.27101
572	0.30236	0.32052	0.34003	0.27097	0.2776	0.22756	0.25234	0.27143
573	0.30637	0.32232	0.33667	0.26793	0.27517	0.22639	0.25202	0.27182
574	0.31051	0.32405	0.3333	0.26489	0.27272	0.22529	0.25175	0.27221
575	0.31477	0.32569	0.32992	0.26182	0.27024	0.22426	0.25154	0.27262
576	0.31916	0.32723	0.32654	0.25873	0.26775	0.22329	0.2514	0.27307
577	0.32365	0.32867	0.32314	0.25558	0.26523	0.22239	0.25135	0.27358
578	0.32826	0.33001	0.31975	0.25237	0.26269	0.22155	0.25139	0.27418
579	0.33298	0.33122	0.31637	0.24909	0.26013	0.22078	0.25154	0.27488
580	0.3378	0.33233	0.313	0.24574	0.25756	0.22007	0.25182	0.27569
581	0.34271	0.3333	0.30965	0.24233	0.25498	0.21943	0.25225	0.27663
582	0.34768	0.33417	0.30633	0.23885	0.25241	0.21887	0.25283	0.27774
583	0.35266	0.33491	0.30305	0.23534	0.24985	0.21837	0.25359	0.27902
584	0.35762	0.33556	0.29982	0.23179	0.2473	0.21794	0.25455	0.28048
585	0.36253	0.3361	0.29666	0.22823	0.24477	0.21756	0.25572	0.28215
586	0.36736	0.33656	0.29358	0.22467	0.24224	0.21722	0.2571	0.28403
587	0.37208	0.33695	0.29059	0.22115	0.23973	0.21693	0.2587	0.28616
588	0.37667	0.33728	0.28771	0.21766	0.23723	0.21668	0.26052	0.28855
589	0.38112	0.33756	0.28493	0.21423	0.23477	0.21646	0.26258	0.29122
590	0.3854	0.3378	0.28228	0.21087	0.23233	0.21629	0.26485	0.29418
591	0.3895	0.33801	0.27976	0.20761	0.22992	0.21615	0.26734	0.29744
592	0.39342	0.33818	0.27737	0.20444	0.22754	0.21604	0.27005	0.30102
593	0.39715	0.33833	0.27511	0.20139	0.22517	0.21596	0.27297	0.30492
594	0.40069	0.33845	0.27299	0.19847	0.22283	0.2159	0.27607	0.30918
595	0.40405	0.33854	0.27101	0.19567	0.2205	0.21587	0.27935	0.3138
596	0.40723	0.33861	0.26915	0.19301	0.21819	0.21584	0.28279	0.31879
597	0.41026	0.33865	0.26741	0.19048	0.2159	0.21583	0.28637	0.32418
598	0.41313	0.33868	0.2658	0.18809	0.21363	0.21582	0.29008	0.32997
599	0.41586	0.3387	0.2643	0.18584	0.21138	0.21582	0.29391	0.33617
600	0.41846	0.33871	0.26291	0.18373	0.20917	0.21582	0.29784	0.34279
601	0.42092	0.33872	0.26162	0.18174	0.207	0.21582	0.30186	0.34983
602	0.42325	0.33874	0.26042	0.17988	0.2049	0.21582	0.30595	0.35729
603	0.42545	0.33876	0.2593	0.17814	0.20287	0.21583	0.31007	0.36515
604	0.42752	0.33879	0.25823	0.1765	0.20093	0.21584	0.31423	0.37339
605	0.42948	0.33883	0.25721	0.17495	0.19909	0.21586	0.3184	0.38199
606	0.43131	0.33887	0.25622	0.1735	0.19736	0.21588	0.32256	0.39091
607	0.43304	0.33892	0.25524	0.17212	0.19574	0.21592	0.32671	0.40009
608	0.43466	0.33897	0.25427	0.17081	0.19425	0.21597	0.33084	0.40949
609	0.43617	0.33904	0.25327	0.16956	0.19286	0.21605	0.33493	0.41907
610	0.43759	0.3391	0.25223	0.16838	0.19159	0.21614	0.33897	0.42879
611	0.43891	0.33917	0.25115	0.16725	0.19043	0.21626	0.34294	0.4386
612	0.44014	0.33925	0.25003	0.16617	0.18938	0.21642	0.34683	0.44846
613	0.44127	0.33933	0.24885	0.16514	0.18843	0.21661	0.3506	0.45832
614	0.44231	0.3394	0.24763	0.16415	0.18757	0.21685	0.35425	0.46815
615	0.44325	0.33947	0.24636	0.16319	0.18679	0.21713	0.35775	0.47791
616	0.4441	0.33952	0.24506	0.16227	0.18608	0.21746	0.36109	0.48756
617	0.44485	0.33954	0.24373	0.16137	0.18543	0.21785	0.36428	0.49706
618	0.44552	0.33953	0.24239	0.1605	0.18484	0.21831	0.3673	0.50637
619	0.4461	0.33947	0.24106	0.15968	0.1843	0.21884	0.37017	0.51548
620	0.44659	0.33937	0.23974	0.1589	0.1838	0.21944	0.37291	0.52438
621	0.44698	0.33924	0.23844	0.15817	0.18334	0.22013	0.37551	0.53304
622	0.44727	0.33909	0.23719	0.15748	0.18289	0.22089	0.378	0.54143
623	0.44747	0.33893	0.23598	0.15684	0.18246	0.22172	0.38038	0.54958
624	0.44758	0.33874	0.23482	0.15624	0.18202	0.22262	0.38267	0.55747
625	0.44761	0.33854	0.23372	0.15568	0.18157	0.22358	0.38487	0.56511
626	0.44758	0.33833	0.23268	0.15515	0.18111	0.22459	0.38701	0.57248
627	0.4475	0.33811	0.23169	0.15466	0.18063	0.22565	0.38911	0.57959
628	0.44737	0.3379	0.23076	0.1542	0.18012	0.22674	0.39118	0.58642
629	0.44723	0.33771	0.22986	0.15377	0.1796	0.22788	0.39325	0.59297
630	0.44707	0.33753	0.22899	0.15339	0.17906	0.22903	0.39533	0.59923
631	0.44691	0.33737	0.22813	0.15303	0.17851	0.23022	0.39743	0.6052
632	0.44677	0.33724	0.22728	0.15271	0.17795	0.23141	0.39954	0.61086
633	0.44665	0.33712	0.22642	0.15241	0.17738	0.23262	0.40167	0.61623
634	0.44655	0.337	0.22555	0.15213	0.17681	0.23384	0.40381	0.62131
635	0.4465	0.33687	0.22467	0.15187	0.17626	0.23505	0.40596	0.6261
636	0.44647	0.33674	0.22378	0.15161	0.17571	0.23627	0.40811	0.63062
637	0.44649	0.33661	0.22288	0.15134	0.17519	0.23749	0.41026	0.63489
638	0.44653	0.33647	0.22196	0.15107	0.1747	0.2387	0.41238	0.63893
639	0.44661	0.33632	0.22105	0.15078	0.17424	0.23989	0.41448	0.64273
640	0.44671	0.33616	0.22015	0.15046	0.17381	0.24108	0.41652	0.6463
641	0.44683	0.336	0.21927	0.15014	0.17342	0.24225	0.41851	0.64965
642	0.44694	0.33583	0.2184	0.14979	0.17308	0.24339	0.42044	0.6528
643	0.44706	0.33565	0.21758	0.14943	0.17278	0.24452	0.42231	0.65577
644	0.44716	0.33546	0.21681	0.14905	0.17252	0.24563	0.42412	0.65855
645	0.44726	0.33526	0.21613	0.14865	0.1723	0.2467	0.42589	0.66118
646	0.44733	0.33505	0.21554	0.14825	0.17212	0.24776	0.42762	0.66367
647	0.4474	0.33484	0.21507	0.14784	0.17197	0.24879	0.42933	0.66603
648	0.44744	0.33462	0.21472	0.14744	0.17186	0.24981	0.43101	0.66829
649	0.44746	0.3344	0.2145	0.14706	0.17177	0.25081	0.43267	0.67045
650	0.44746	0.33418	0.21441	0.14672	0.17171	0.25179	0.43431	0.67252
651	0.44744	0.33396	0.21444	0.14641	0.17167	0.25277	0.43592	0.67452
652	0.4474	0.33375	0.2146	0.14615	0.17166	0.25374	0.4375	0.67645
653	0.44734	0.33353	0.21487	0.14594	0.17168	0.2547	0.43903	0.67833
654	0.44728	0.33333	0.21524	0.14579	0.17172	0.25567	0.44052	0.68016
655	0.44721	0.33313	0.2157	0.14571	0.1718	0.25663	0.44198	0.68192
656	0.44716	0.33294	0.21623	0.1457	0.17191	0.25761	0.44339	0.68363
657	0.44713	0.33276	0.21684	0.14575	0.17208	0.25861	0.44477	0.6853
658	0.44712	0.33259	0.21749	0.14587	0.1723	0.25961	0.44611	0.68691
659	0.44715	0.33243	0.21817	0.14606	0.17259	0.26064	0.4474	0.68847
660	0.44721	0.33228	0.21889	0.14629	0.17294	0.26167	0.44865	0.68997
661	0.44732	0.33213	0.21963	0.14656	0.17336	0.26272	0.44984	0.69144
662	0.44747	0.33198	0.2204	0.14687	0.17385	0.26377	0.45096	0.69287
663	0.44766	0.33184	0.22119	0.14719	0.17441	0.26482	0.45202	0.69427
664	0.44788	0.3317	0.22202	0.14754	0.17503	0.26586	0.45302	0.69565
665	0.44812	0.33156	0.22289	0.14789	0.17571	0.2669	0.45396	0.697
666	0.44838	0.33141	0.22381	0.14826	0.17643	0.26793	0.45487	0.69834
667	0.44865	0.33126	0.22481	0.14863	0.17719	0.26893	0.45575	0.69964
668	0.44892	0.3311	0.22588	0.14901	0.17796	0.2699	0.45662	0.70091
669	0.4492	0.33094	0.22705	0.1494	0.17874	0.27084	0.45747	0.70213
670	0.44948	0.33077	0.22831	0.14981	0.17952	0.27174	0.45831	0.7033
671	0.44976	0.33059	0.22969	0.15022	0.18029	0.27261	0.45916	0.70442
672	0.45003	0.3304	0.23121	0.15065	0.18105	0.27346	0.46	0.70549
673	0.45029	0.33022	0.23288	0.15109	0.1818	0.27428	0.46085	0.70651
674	0.45054	0.33002	0.23472	0.15155	0.18252	0.27508	0.46171	0.70748
675	0.45078	0.32983	0.23673	0.15202	0.18322	0.27587	0.46256	0.7084
676	0.45101	0.32964	0.23893	0.15251	0.18389	0.27664	0.46341	0.70927
677	0.45125	0.32945	0.24132	0.15304	0.18454	0.2774	0.46423	0.71007
678	0.45149	0.32927	0.24388	0.1536	0.18516	0.27815	0.46504	0.7108
679	0.45174	0.32909	0.2466	0.1542	0.18575	0.27889	0.46582	0.71146
680	0.45199	0.32892	0.24947	0.15485	0.18632	0.27962	0.46656	0.71203
681	0.45226	0.32877	0.2525	0.15554	0.18687	0.28034	0.46726	0.71252
682	0.45254	0.32862	0.25569	0.15625	0.1874	0.28105	0.46793	0.71295
683	0.45283	0.32849	0.25906	0.15699	0.18793	0.28175	0.46855	0.71334
684	0.45313	0.32836	0.26258	0.15773	0.18844	0.28243	0.46915	0.71371
685	0.45343	0.32825	0.26627	0.15849	0.18896	0.28311	0.4697	0.71408
686	0.45375	0.32814	0.27011	0.15925	0.18948	0.28378	0.47023	0.71447
687	0.45409	0.32804	0.27411	0.16001	0.19001	0.28445	0.47073	0.71487
688	0.45443	0.32794	0.27827	0.16077	0.19055	0.28513	0.4712	0.71527
689	0.45479	0.32785	0.28257	0.16152	0.1911	0.28583	0.47166	0.71567
690	0.45517	0.32775	0.28702	0.16226	0.19165	0.28655	0.47212	0.71607
691	0.45556	0.32764	0.29161	0.16298	0.19221	0.28731	0.47258	0.71645
692	0.45597	0.32754	0.29633	0.16367	0.19277	0.28813	0.47306	0.71681
693	0.45638	0.32742	0.3012	0.16433	0.19333	0.28902	0.47357	0.71716
694	0.45679	0.32729	0.30619	0.16495	0.19388	0.29	0.47413	0.71749
695	0.4572	0.32715	0.31128	0.16552	0.19442	0.29109	0.47474	0.71779
696	0.45758	0.327	0.31647	0.16604	0.19494	0.29228	0.47541	0.71808
697	0.45795	0.32683	0.32173	0.1665	0.19543	0.29361	0.47617	0.71836
698	0.45829	0.32666	0.32704	0.1669	0.1959	0.29507	0.47701	0.71861
699	0.4586	0.32647	0.33238	0.16723	0.19635	0.29667	0.47792	0.71884
700	0.45889	0.32628	0.33772	0.16751	0.19675	0.29842	0.47892	0.71906
701	0.45916	0.32608	0.34304	0.16772	0.19712	0.30032	0.47998	0.71926
702	0.4594	0.32587	0.34831	0.16789	0.19745	0.30237	0.48112	0.71945
703	0.45961	0.32567	0.35352	0.16801	0.19771	0.30456	0.48232	0.71962
704	0.45979	0.32546	0.35866	0.1681	0.19792	0.30687	0.48359	0.71978
705	0.45992	0.32526	0.36372	0.16817	0.19804	0.30929	0.48491	0.71994
706	0.46002	0.32506	0.36868	0.16821	0.19808	0.31179	0.48629	0.72008
707	0.46009	0.32487	0.37352	0.16824	0.19805	0.31436	0.48772	0.72022
708	0.46013	0.32469	0.37825	0.16825	0.19793	0.31699	0.48918	0.72036
709	0.46015	0.32451	0.38289	0.16824	0.19774	0.31964	0.49066	0.7205
710	0.46015	0.32435	0.38743	0.1682	0.1975	0.32232	0.49215	0.72065
711	0.46014	0.32419	0.39188	0.16813	0.1972	0.32501	0.49365	0.7208
712	0.46013	0.32404	0.39626	0.16802	0.19686	0.32769	0.49515	0.72097
713	0.46012	0.3239	0.40055	0.16785	0.19649	0.33037	0.49665	0.72114
714	0.46012	0.32376	0.40477	0.16764	0.19609	0.33303	0.49814	0.72133
715	0.46013	0.32362	0.4089	0.16739	0.19568	0.33567	0.49962	0.72152
716	0.46015	0.32349	0.41294	0.1671	0.19527	0.33829	0.50109	0.72174
717	0.4602	0.32336	0.41689	0.16677	0.19485	0.3409	0.50257	0.72196
718	0.46027	0.32323	0.42074	0.16642	0.19444	0.3435	0.50406	0.7222
719	0.46036	0.3231	0.42451	0.16603	0.19404	0.34608	0.50555	0.72245
720	0.46048	0.32297	0.42819	0.16562	0.19366	0.34865	0.50706	0.72271
721	0.46063	0.32283	0.43177	0.16519	0.19332	0.35121	0.50859	0.72298
722	0.46079	0.32269	0.43524	0.16475	0.19302	0.35377	0.51013	0.72326
723	0.46097	0.32255	0.4386	0.1643	0.19278	0.35633	0.51168	0.72353
724	0.46116	0.3224	0.44185	0.16387	0.19259	0.35889	0.51324	0.72381
725	0.46134	0.32225	0.44497	0.16345	0.19247	0.36145	0.51481	0.72408
726	0.4615	0.3221	0.44796	0.16307	0.19242	0.36401	0.51639	0.72434
727	0.46165	0.32195	0.45081	0.16274	0.19244	0.36658	0.51797	0.72459
728	0.46178	0.3218	0.45351	0.16247	0.19252	0.36914	0.51957	0.72482
729	0.46187	0.32166	0.45607	0.16226	0.19267	0.37169	0.52116	0.72504
730	0.46194	0.32151	0.45849	0.16212	0.19288	0.37422	0.52274	0.72524
731	0.46199	0.32137	0.46079	0.16206	0.19316	0.37674	0.52431	0.72543
732	0.46201	0.32123	0.46298	0.16207	0.19348	0.37924	0.52586	0.72559
733	0.46201	0.3211	0.46507	0.16217	0.19386	0.38173	0.52738	0.72574
734	0.46199	0.32097	0.46708	0.16234	0.19427	0.38419	0.52887	0.72587
735	0.46196	0.32084	0.46903	0.16259	0.19472	0.38664	0.53032	0.72598
736	0.46192	0.32072	0.47092	0.16291	0.1952	0.38906	0.53173	0.72608
737	0.46187	0.3206	0.47277	0.16329	0.1957	0.39146	0.5331	0.72616
738	0.46183	0.32047	0.47457	0.16374	0.19622	0.39385	0.53444	0.72623
739	0.4618	0.32035	0.47632	0.16424	0.19675	0.39621	0.53574	0.72629
740	0.46178	0.32022	0.47803	0.16481	0.19728	0.39857	0.53702	0.72633
741	0.46177	0.32009	0.47969	0.16545	0.19779	0.40091	0.53826	0.72637
742	0.46177	0.31995	0.48129	0.16615	0.19828	0.40326	0.53949	0.7264
743	0.46178	0.3198	0.48284	0.16691	0.19873	0.40559	0.54069	0.72642
744	0.46179	0.31964	0.48432	0.16774	0.19914	0.40793	0.54188	0.72644
745	0.4618	0.31947	0.48572	0.16862	0.19951	0.41026	0.54306	0.72645
746	0.46181	0.31929	0.48704	0.16956	0.19986	0.41259	0.54422	0.72646
747	0.46182	0.31909	0.48829	0.17053	0.2002	0.4149	0.54538	0.72647
748	0.46182	0.31888	0.48945	0.17154	0.20053	0.4172	0.54654	0.72648
749	0.46182	0.31866	0.49052	0.17256	0.20086	0.41949	0.54769	0.72648
750	0.46182	0.31842	0.49151	0.1736	0.20122	0.42177	0.54883	0.72649
751	0.46182	0.31817	0.4924	0.17463	0.20159	0.42402	0.54997	0.72649
752	0.46182	0.31791	0.49321	0.17566	0.202	0.42627	0.55111	0.72649
753	0.46183	0.31764	0.49393	0.17669	0.20245	0.42849	0.55225	0.72649
754	0.46183	0.31736	0.49457	0.17769	0.20294	0.43071	0.55339	0.72648
755	0.46184	0.31709	0.49515	0.17869	0.20347	0.43291	0.55454	0.72648
756	0.46185	0.31681	0.49568	0.17966	0.20404	0.43511	0.5557	0.72648
757	0.46186	0.31653	0.49617	0.18062	0.20465	0.43729	0.55686	0.72647
758	0.46187	0.31627	0.49663	0.18155	0.2053	0.43947	0.55804	0.72647
759	0.46188	0.31601	0.49707	0.18246	0.20598	0.44165	0.55922	0.72646
760	0.46188	0.31578	0.49752	0.18335	0.20669	0.44383	0.56041	0.72645
761	0.46188	0.31557	0.49798	0.18422	0.20742	0.446	0.5616	0.72645
762	0.46187	0.31529	0.49851	0.18511	0.20813	0.44822	0.5628	0.72644
763	0.46185	0.31501	0.49906	0.18599	0.20883	0.45044	0.564	0.72644
764	0.46183	0.31472	0.49965	0.18685	0.20953	0.45266	0.5652	0.72644
765	0.46181	0.31441	0.50028	0.18768	0.21023	0.45487	0.56639	0.72645
766	0.46178	0.31409	0.50095	0.1885	0.21092	0.45706	0.56757	0.72647
767	0.46175	0.31376	0.50167	0.18928	0.2116	0.45923	0.56873	0.7265
768	0.46172	0.31341	0.50244	0.19003	0.21225	0.46136	0.56987	0.72655
769	0.46169	0.31306	0.50326	0.19075	0.21287	0.46346	0.57097	0.72662
770	0.46168	0.31271	0.50413	0.19143	0.21345	0.4655	0.57204	0.72673
771	0.46168	0.31237	0.50505	0.19206	0.21399	0.46747	0.57306	0.72675
772	0.4617	0.31205	0.50602	0.19265	0.21448	0.46937	0.57403	0.72677
773	0.46176	0.31178	0.50704	0.19318	0.21491	0.47118	0.57493	0.72681
774	0.46186	0.31156	0.50811	0.19367	0.21526	0.47289	0.57576	0.72687
775	0.46201	0.31143	0.50922	0.19409	0.21554	0.47447	0.5765	0.72696
776	0.46223	0.3114	0.51037	0.19444	0.21572	0.47591	0.57715	0.72711
777	0.46252	0.31151	0.51155	0.19472	0.21581	0.4772	0.57769	0.72733
778	0.46291	0.31179	0.51277	0.19493	0.21578	0.47831	0.57811	0.72765
779	0.46342	0.31227	0.514	0.19506	0.21562	0.47922	0.5784	0.7281
780	0.46405	0.31298	0.51525	0.1951	0.21533	0.47991	0.57854	0.72872
