290	0	0
291	0.033678667	0.021049167
292	0.066837333	0.041773333
293	0.099476	0.0621725
294	0.131612	0.0822575
295	0.163245333	0.102028333
296	0.194358667	0.121474167
297	0.224952	0.140595
298	0.255042667	0.159401667
299	0.284630667	0.177894167
300	0.313698667	0.196061667
301	0.342246667	0.213904167
302	0.370292	0.2314325
303	0.397834667	0.248646667
304	0.42484	0.265525
305	0.45136	0.2821
306	0.47736	0.29835
307	0.50284	0.314275
308	0.527817333	0.329885833
309	0.552274667	0.345171667
310	0.576229333	0.360143333
311	0.599664	0.37479
312	0.622596	0.3891225
313	0.645008	0.40313
314	0.6669	0.4168125
315	0.688306667	0.430191667
316	0.709176	0.443235
317	0.729542667	0.455964167
318	0.749406667	0.468379167
319	0.768750667	0.480469167
320	0.787592	0.492245
321	0.805913333	0.503695833
322	0.823714667	0.514821667
323	0.841013333	0.525633333
324	0.857792	0.53612
325	0.874068	0.5462925
326	0.889841333	0.556150833
327	0.905094667	0.565684167
328	0.919828	0.5748925
329	0.934058667	0.583786667
330	0.947769333	0.592355833
331	0.960977333	0.600610833
332	0.973665333	0.608540833
333	0.985850667	0.616156667
334	0.997516	0.6234475
335	1.008678667	0.630424167
336	1.019321333	0.637075833
337	1.029461333	0.643413333
338	1.039081333	0.649425833
339	1.048198667	0.655124167
340	1.056796	0.6604975
341	1.064890667	0.665556667
342	1.072465333	0.670290833
343	1.07952	0.6747
344	1.086072	0.678795
345	1.092121333	0.682575833
346	1.097650667	0.686031667
347	1.10266	0.6891625
348	1.107166667	0.691979167
349	1.111170667	0.694481667
350	1.114654667	0.696659167
351	1.117618667	0.698511667
352	1.12008	0.70005
353	1.122021333	0.701263333
354	1.12346	0.7021625
355	1.124396	0.7027475
356	1.124794667	0.702996667
357	1.124708	0.7029425
358	1.124084	0.7025525
359	1.122974667	0.701859167
360	1.121466667	0.700916667
361	1.119733333	0.699833333
362	1.116266667	0.697666667
363	1.1128	0.6955
364	1.109333333	0.693333333
365	1.105866667	0.691166667
366	1.100666667	0.687916667
367	1.095466667	0.684666667
368	1.090266667	0.681416667
369	1.083333333	0.677083333
370	1.0764	0.67275
371	1.069466667	0.668416667
372	1.059066667	0.661916667
373	1.046933333	0.654333333
374	1.036533333	0.647833333
375	1.022666667	0.639166667
376	1.0088	0.6305
377	0.9932	0.62075
378	0.979333333	0.612083333
379	0.963733333	0.602333333
380	0.948133333	0.592583333
381	0.934266667	0.583916667
382	0.922133333	0.576333333
383	0.91	0.56875
384	0.8996	0.56225
385	0.890933333	0.556833333
386	0.884	0.5525
387	0.877066667	0.548166667
388	0.8736	0.546
389	0.870133333	0.543833333
390	0.866666667	0.541666667
391	0.8632	0.5395
392	0.859733333	0.537333333
393	0.856266667	0.535166667
394	0.8528	0.533
395	0.851066667	0.531916667
396	0.8476	0.52975
397	0.845866667	0.528666667
398	0.8424	0.5265
399	0.840268	0.5251675
400	0.837928	0.523705
401	0.83564	0.522275
402	0.833369333	0.520855833
403	0.831168	0.51948
404	0.829001333	0.518125833
405	0.826886667	0.516804167
406	0.824858667	0.515536667
407	0.822934667	0.514334167
408	0.821132	0.5132075
409	0.819450667	0.512156667
410	0.817908	0.5111925
411	0.816521333	0.510325833
412	0.815290667	0.509556667
413	0.814233333	0.508895833
414	0.813349333	0.508343333
415	0.812621333	0.507888333
416	0.812032	0.50752
417	0.811581333	0.507238333
418	0.811252	0.5070325
419	0.811044	0.5069025
420	0.810974667	0.506859167
421	0.811061333	0.506913333
422	0.811252	0.5070325
423	0.811581333	0.507238333
424	0.812049333	0.507530833
425	0.812656	0.50791
426	0.813384	0.508365
427	0.814233333	0.508895833
428	0.815186667	0.509491667
429	0.816244	0.5101525
430	0.817405333	0.510878333
431	0.818653333	0.511658333
432	0.819970667	0.512481667
433	0.821374667	0.513359167
434	0.822796	0.5142475
435	0.824252	0.5151575
436	0.825725333	0.516078333
437	0.827250667	0.517031667
438	0.828828	0.5180175
439	0.830457333	0.519035833
440	0.832121333	0.520075833
441	0.833837333	0.521148333
442	0.835622667	0.522264167
443	0.837442667	0.523401667
444	0.83928	0.52455
445	0.841134667	0.525709167
446	0.843006667	0.526879167
447	0.844878667	0.528049167
448	0.846750667	0.529219167
449	0.848605333	0.530378333
450	0.85046	0.5315375
451	0.852314667	0.532696667
452	0.854134667	0.533834167
453	0.855937333	0.534960833
454	0.857774667	0.536109167
455	0.859629333	0.537268333
456	0.861501333	0.538438333
457	0.863442667	0.539651667
458	0.865453333	0.540908333
459	0.867533333	0.542208333
460	0.8697	0.5435625
461	0.871970667	0.544981667
462	0.874328	0.546455
463	0.876789333	0.547993333
464	0.879354667	0.549596667
465	0.882041333	0.551275833
466	0.884832	0.55302
467	0.887726667	0.554829167
468	0.890708	0.5566925
469	0.893810667	0.558631667
470	0.896982667	0.560614167
471	0.900224	0.56264
472	0.9035	0.5646875
473	0.906793333	0.566745833
474	0.910104	0.568815
475	0.913397333	0.570873333
476	0.916656	0.57291
477	0.91988	0.574925
478	0.923052	0.5769075
479	0.926189333	0.578868333
480	0.929309333	0.580818333
481	0.932412	0.5827575
482	0.935497333	0.584685833
483	0.938634667	0.586646667
484	0.941789333	0.588618333
485	0.944978667	0.590611667
486	0.948237333	0.592648333
487	0.951530667	0.594706667
488	0.954893333	0.596808333
489	0.958273333	0.598920833
490	0.961688	0.601055
491	0.965102667	0.603189167
492	0.968517333	0.605323333
493	0.971914667	0.607446667
494	0.975277333	0.609548333
495	0.978622667	0.611639167
496	0.981950667	0.613719167
497	0.985244	0.6157775
498	0.988537333	0.617835833
499	0.991796	0.6198725
500	0.995037333	0.621898333
501	0.998278667	0.623924167
502	1.001502667	0.625939167
503	1.004726667	0.627954167
504	1.007916	0.6299475
505	1.011122667	0.631951667
506	1.014312	0.633945
507	1.017466667	0.635916667
508	1.020621333	0.637888333
509	1.023741333	0.639838333
510	1.026844	0.6417775
511	1.029929333	0.643705833
512	1.032962667	0.645601667
513	1.035978667	0.647486667
514	1.038942667	0.649339167
515	1.041854667	0.651159167
516	1.04468	0.652925
517	1.047418667	0.654636667
518	1.050053333	0.656283333
519	1.052601333	0.657875833
520	1.055045333	0.659403333
521	1.057368	0.660855
522	1.059586667	0.662241667
523	1.061701333	0.663563333
524	1.063712	0.66482
525	1.065618667	0.666011667
526	1.067421333	0.667138333
527	1.069154667	0.668221667
528	1.070818667	0.669261667
529	1.072413333	0.670258333
530	1.073956	0.6712225
531	1.075446667	0.672154167
532	1.07692	0.673075
533	1.078358667	0.673974167
534	1.07978	0.6748625
535	1.081218667	0.675761667
536	1.082674667	0.676671667
537	1.084165333	0.677603333
538	1.085708	0.6785675
539	1.08732	0.679575
540	1.089001333	0.680625833
541	1.090786667	0.681741667
542	1.092658667	0.682911667
543	1.094652	0.6841575
544	1.096766667	0.685479167
545	1.09902	0.6868875
546	1.101429333	0.688393333
547	1.10396	0.689975
548	1.106646667	0.691654167
549	1.109489333	0.693430833
550	1.112470667	0.695294167
551	1.115590667	0.697244167
552	1.118849333	0.699280833
553	1.122264	0.701415
554	1.125852	0.7036575
555	1.129613333	0.706008333
556	1.133565333	0.708478333
557	1.137708	0.7110675
558	1.142041333	0.713775833
559	1.146548	0.7165925
560	1.151193333	0.719495833
561	1.155942667	0.722464167
562	1.160796	0.7254975
563	1.165701333	0.728563333
564	1.170641333	0.731650833
565	1.175546667	0.734716667
566	1.1804	0.73775
567	1.185166667	0.740729167
568	1.189794667	0.743621667
569	1.194301333	0.746438333
570	1.198652	0.7491575
571	1.202864	0.75179
572	1.20692	0.754325
573	1.210854667	0.756784167
574	1.214650667	0.759156667
575	1.218342667	0.761464167
576	1.221896	0.763685
577	1.225310667	0.765819167
578	1.228604	0.7678775
579	1.231741333	0.769838333
580	1.234774667	0.771734167
581	1.237704	0.773565
582	1.240512	0.77532
583	1.243250667	0.777031667
584	1.24592	0.7787
585	1.248537333	0.780335833
586	1.251137333	0.781960833
587	1.253737333	0.783585833
588	1.256372	0.7852325
589	1.259058667	0.786911667
590	1.261832	0.788645
591	1.264744	0.790465
592	1.267794667	0.792371667
593	1.271001333	0.794375833
594	1.274416	0.79651
595	1.278021333	0.798763333
596	1.281852	0.8011575
597	1.285908	0.8036925
598	1.290224	0.80639
599	1.294782667	0.809239167
600	1.299601333	0.812250833
601	1.30468	0.815425
602	1.310018667	0.818761667
603	1.315582667	0.822239167
604	1.321372	0.8258575
605	1.327369333	0.829605833
606	1.333557333	0.833473333
607	1.339901333	0.837438333
608	1.346384	0.84149
609	1.352970667	0.845606667
610	1.359609333	0.849755833
611	1.366282667	0.853926667
612	1.372921333	0.858075833
613	1.379473333	0.862170833
614	1.385921333	0.866200833
615	1.392178667	0.870111667
616	1.398210667	0.873881667
617	1.403965333	0.877478333
618	1.409408	0.88088
619	1.414486667	0.884054167
620	1.419149333	0.886968333
621	1.423326667	0.889579167
622	1.426984	0.891865
623	1.430121333	0.893825833
624	1.432669333	0.895418333
625	1.434628	0.8966425
626	1.435945333	0.897465833
627	1.436586667	0.897866667
628	1.436534667	0.897834167
629	1.435772	0.8973575
630	1.434316	0.8964475
631	1.432114667	0.895071667
632	1.429168	0.89323
633	1.425510667	0.890944167
634	1.421142667	0.888214167
635	1.416081333	0.885050833
636	1.410378667	0.881486667
637	1.404052	0.8775325
638	1.397118667	0.873199167
639	1.389682667	0.868551667
640	1.381796	0.8636225
641	1.373545333	0.858465833
642	1.364948	0.8530925
643	1.356108	0.8475675
644	1.347077333	0.841923333
645	1.337925333	0.836203333
646	1.328721333	0.830450833
647	1.319517333	0.824698333
648	1.310382667	0.818989167
649	1.301334667	0.813334167
650	1.292477333	0.807798333
651	1.283828	0.8023925
652	1.275438667	0.797149167
653	1.267344	0.79209
654	1.259544	0.787215
655	1.252108	0.7825675
656	1.245070667	0.778169167
657	1.238449333	0.774030833
658	1.232261333	0.770163333
659	1.226524	0.7665775
660	1.22122	0.7632625
661	1.216384	0.76024
662	1.212016	0.75751
663	1.208064	0.75504
664	1.204528	0.75283
665	1.201390667	0.750869167
666	1.198669333	0.749168333
667	1.196364	0.7477275
668	1.19444	0.746525
669	1.192862667	0.745539167
670	1.191666667	0.744791667
671	1.190817333	0.744260833
672	1.190314667	0.743946667
673	1.190141333	0.743838333
674	1.190297333	0.743935833
675	1.190765333	0.744228333
676	1.191545333	0.744715833
677	1.192637333	0.745398333
678	1.194024	0.746265
679	1.195688	0.747305
680	1.197629333	0.748518333
681	1.199796	0.7498725
682	1.202170667	0.751356667
683	1.204753333	0.752970833
684	1.207544	0.754715
685	1.210473333	0.756545833
686	1.213541333	0.758463333
687	1.216713333	0.760445833
688	1.220024	0.762515
689	1.223473333	0.764670833
690	1.227009333	0.766880833
691	1.230649333	0.769155833
692	1.234393333	0.771495833
693	1.238224	0.77389
694	1.242158667	0.776349167
695	1.246197333	0.778873333
696	1.250357333	0.781473333
697	1.254621333	0.784138333
698	1.258954667	0.786846667
699	1.263374667	0.789609167
700	1.267881333	0.792425833
701	1.27244	0.795275
702	1.277033333	0.798145833
703	1.281644	0.8010275
704	1.286254667	0.803909167
705	1.290882667	0.806801667
706	1.295493333	0.809683333
707	1.300104	0.812565
708	1.304662667	0.815414167
709	1.309152	0.81822
710	1.313572	0.8209825
711	1.317333333	0.823333333
712	1.322533333	0.826583333
713	1.326	0.82875
714	1.3312	0.832
715	1.334666667	0.834166667
716	1.338133333	0.836333333
717	1.343333333	0.839583333
718	1.3468	0.84175
719	1.350266667	0.843916667
720	1.353733333	0.846083333
721	1.3572	0.84825
722	1.360666667	0.850416667
723	1.364133333	0.852583333
724	1.3676	0.85475
725	1.371066667	0.856916667
726	1.374533333	0.859083333
727	1.378	0.86125
728	1.381466667	0.863416667
729	1.3832	0.8645
730	1.386666667	0.866666667
731	1.3884	0.86775
732	1.391866667	0.869916667
733	1.3936	0.871
734	1.397066667	0.873166667
735	1.3988	0.87425
736	1.402266667	0.876416667
737	1.404	0.8775
738	1.405733333	0.878583333
739	1.4092	0.88075
740	1.410933333	0.881833333
741	1.412666667	0.882916667
742	1.416133333	0.885083333
743	1.417866667	0.886166667
744	1.421333333	0.888333333
745	1.423066667	0.889416667
746	1.4248	0.8905
747	1.428266667	0.892666667
748	1.43	0.89375
749	1.431733333	0.894833333
750	1.4352	0.897
751	1.436933333	0.898083333
752	1.4404	0.90025
753	1.442133333	0.901333333
754	1.4456	0.9035
755	1.447333333	0.904583333
756	1.4508	0.90675
757	1.454266667	0.908916667
758	1.456	0.91
759	1.459466667	0.912166667
760	1.462933333	0.914333333
761	1.4664	0.9165
762	1.469866667	0.918666667
763	1.475066667	0.921916667
764	1.478533333	0.924083333
765	1.482	0.92625
766	1.4872	0.9295
767	1.490666667	0.931666667
768	1.495866667	0.934916667
769	1.499333333	0.937083333
770	1.504533333	0.940333333
771	1.509733333	0.943583333
772	1.514933333	0.946833333
773	1.5184	0.949
774	1.5236	0.95225
775	1.530533333	0.956583333
776	1.535733333	0.959833333
777	1.540933333	0.963083333
778	1.546133333	0.966333333
779	1.553066667	0.970666667
780	1.558266667	0.973916667
781	1.563466667	0.977166667
782	1.5704	0.9815
783	1.5756	0.98475
784	1.582533333	0.989083333
785	1.587733333	0.992333333
786	1.594666667	0.996666667
787	1.6016	1.001
788	1.6068	1.00425
789	1.613733333	1.008583333
790	1.618933333	1.011833333
791	1.625866667	1.016166667
792	1.6328	1.0205
793	1.638	1.02375
794	1.644933333	1.028083333
795	1.650133333	1.031333333
796	1.657066667	1.035666667
797	1.662266667	1.038916667
798	1.667466667	1.042166667
799	1.672666667	1.045416667
800	1.677866667	1.048666667
801	1.683066667	1.051916667
802	1.688266667	1.055166667
803	1.693466667	1.058416667
804	1.698666667	1.061666667
805	1.702133333	1.063833333
806	1.7056	1.066
807	1.709066667	1.068166667
808	1.712533333	1.070333333
809	1.716	1.0725
810	1.719466667	1.074666667
811	1.7212	1.07575
812	1.724666667	1.077916667
813	1.7264	1.079
814	1.728133333	1.080083333
815	1.728133333	1.080083333
816	1.729866667	1.081166667
817	1.729866667	1.081166667
818	1.7316	1.08225
819	1.729866667	1.081166667
820	1.729866667	1.081166667
821	1.729866667	1.081166667
822	1.728133333	1.080083333
823	1.7264	1.079
824	1.722933333	1.076833333
825	1.719466667	1.074666667
826	1.716	1.0725
827	1.712533333	1.070333333
828	1.707333333	1.067083333
829	1.703866667	1.064916667
830	1.696933333	1.060583333
831	1.691733333	1.057333333
832	1.6848	1.053
833	1.677866667	1.048666667
834	1.670933333	1.044333333
835	1.662266667	1.038916667
836	1.6536	1.0335
837	1.644933333	1.028083333
838	1.634533333	1.021583333
839	1.624133333	1.015083333
840	1.612	1.0075
841	1.599866667	0.999916667
842	1.587733333	0.992333333
843	1.5756	0.98475
844	1.561733333	0.976083333
845	1.5496	0.9685
846	1.534	0.95875
847	1.520133333	0.950083333
848	1.506266667	0.941416667
849	1.490666667	0.931666667
850	1.475066667	0.921916667
851	1.457733333	0.911083333
852	1.442133333	0.901333333
853	1.4248	0.8905
854	1.407466667	0.879666667
855	1.3884	0.86775
856	1.369333333	0.855833333
857	1.350266667	0.843916667
858	1.329466667	0.830916667
859	1.306933333	0.816833333
860	1.282666667	0.801666667
861	1.256666667	0.785416667
862	1.230666667	0.769166667
863	1.2064	0.754
864	1.182133333	0.738833333
865	1.157866667	0.723666667
866	1.137066667	0.710666667
867	1.116266667	0.697666667
868	1.0972	0.68575
869	1.078133333	0.673833333
870	1.059066667	0.661916667
871	1.04	0.65
872	1.020933333	0.638083333
873	1.001866667	0.626166667
874	0.9828	0.61425
875	0.963733333	0.602333333
876	0.944666667	0.590416667
877	0.9256	0.5785
878	0.908266667	0.567666667
879	0.890933333	0.556833333
880	0.875333333	0.547083333
881	0.859733333	0.537333333
882	0.845866667	0.528666667
883	0.832	0.52
884	0.818133333	0.511333333
885	0.806	0.50375
886	0.7956	0.49725
887	0.7852	0.49075
888	0.7748	0.48425
889	0.766133333	0.478833333
890	0.757466667	0.473416667
891	0.7488	0.468
892	0.741866667	0.463666667
893	0.734933333	0.459333333
894	0.729733333	0.456083333
895	0.7228	0.45175
896	0.7176	0.4485
897	0.7124	0.44525
898	0.705466667	0.440916667
899	0.700266667	0.437666667
900	0.695066667	0.434416667
901	0.6916	0.43225
902	0.6864	0.429
903	0.6812	0.42575
904	0.676	0.4225
905	0.6708	0.41925
906	0.667333333	0.417083333
907	0.662133333	0.413833333
908	0.656933333	0.410583333
909	0.653466667	0.408416667
910	0.648266667	0.405166667
911	0.6448	0.403
912	0.6396	0.39975
913	0.636133333	0.397583333
914	0.632666667	0.395416667
915	0.627466667	0.392166667
916	0.624	0.39
917	0.620533333	0.387833333
918	0.617066667	0.385666667
919	0.6136	0.3835
920	0.610133333	0.381333333
921	0.606666667	0.379166667
922	0.604933333	0.378083333
923	0.601466667	0.375916667
924	0.598	0.37375
925	0.596266667	0.372666667
926	0.5928	0.3705
927	0.591066667	0.369416667
928	0.589333333	0.368333333
929	0.585866667	0.366166667
930	0.584133333	0.365083333
931	0.5824	0.364
932	0.580666667	0.362916667
933	0.5772	0.36075
934	0.575466667	0.359666667
935	0.573733333	0.358583333
936	0.572	0.3575
937	0.570266667	0.356416667
938	0.568533333	0.355333333
939	0.5668	0.35425
940	0.565066667	0.353166667
941	0.563333333	0.352083333
942	0.5616	0.351
943	0.559866667	0.349916667
944	0.558133333	0.348833333
945	0.558133333	0.348833333
946	0.5564	0.34775
947	0.554666667	0.346666667
948	0.554666667	0.346666667
949	0.552933333	0.345583333
950	0.5512	0.3445
951	0.5512	0.3445
952	0.549466667	0.343416667
953	0.547733333	0.342333333
954	0.547733333	0.342333333
955	0.546	0.34125
956	0.546	0.34125
957	0.544266667	0.340166667
958	0.544266667	0.340166667
959	0.542533333	0.339083333
960	0.542533333	0.339083333
961	0.5408	0.338
962	0.5408	0.338
963	0.539066667	0.336916667
964	0.539066667	0.336916667
965	0.537333333	0.335833333
966	0.537333333	0.335833333
967	0.5356	0.33475
968	0.5356	0.33475
969	0.533866667	0.333666667
970	0.533866667	0.333666667
971	0.532133333	0.332583333
972	0.532133333	0.332583333
973	0.5304	0.3315
974	0.5304	0.3315
975	0.528666667	0.330416667
976	0.528666667	0.330416667
977	0.526933333	0.329333333
978	0.526933333	0.329333333
979	0.5252	0.32825
980	0.5252	0.32825
981	0.523466667	0.327166667
982	0.523466667	0.327166667
983	0.523466667	0.327166667
984	0.521733333	0.326083333
985	0.521733333	0.326083333
986	0.521733333	0.326083333
987	0.52	0.325
988	0.52	0.325
989	0.52	0.325
990	0.52	0.325
991	0.52	0.325
992	0.518266667	0.323916667
993	0.518266667	0.323916667
994	0.518266667	0.323916667
995	0.518266667	0.323916667
996	0.518266667	0.323916667
997	0.518266667	0.323916667
998	0.518266667	0.323916667
999	0.518266667	0.323916667
1000	0.516533333	0.322833333
1001	0.516533333	0.322833333
1002	0.516533333	0.322833333
1003	0.516533333	0.322833333
1004	0.516533333	0.322833333
1005	0.516533333	0.322833333
1006	0.516533333	0.322833333
1007	0.516533333	0.322833333
1008	0.516533333	0.322833333
1009	0.516533333	0.322833333
1010	0.516533333	0.322833333
